100
2 4
10 5
3 12
7 7 7
3 12
4 2 1
5 1000000000
25 25 25 25 25
2 2
1 1
5 5
1 1 1 1 1
5 448257424
1 2 3 4 5
5 915742169
18 7 21 11 25
5 148881570
17 17 17 17 17
5 999088834
17 17 17 17 17
5 731701917
24 24 24 24 24
5 727133084
6 6 6 6 6
5 627917261
14 14 14 14 14
5 179652013
7 7 7 7 7
5 751675400
15 15 15 15 15
5 501428045
2 2 2 2 2
5 960276262
8 8 8 8 8
5 196086993
24 24 24 24 24
5 932784837
1 1 1 1 1
5 202250475
8 8 8 8 8
5 199417485
8 8 8 8 8
5 991846802
12 12 12 12 12
5 765961107
17 17 17 17 17
5 845006840
4 4 4 4 4
5 813296042
8 8 8 8 8
5 981585569
12 12 12 12 12
5 325674104
9 9 9 9 9
5 4583945
6 6 6 6 6
5 155145783
15 15 15 15 15
5 640453432
1 1 1 1 1
5 118013267
9 9 9 9 9
5 818035187
14 14 14 14 14
5 164222615
25 25 25 25 25
5 373031494
1 2 3 4 5
5 657961399
1 2 3 4 5
5 755630945
1 2 3 4 5
5 390219448
1 2 3 4 5
5 330591005
1 2 3 4 5
5 213140544
1 2 3 4 5
5 842802527
1 2 3 4 5
5 160601604
1 2 3 4 5
5 828370205
1 2 3 4 5
5 412858495
1 2 3 4 5
5 518067706
1 2 3 4 5
5 363303442
1 2 3 4 5
5 321319851
1 2 3 4 5
5 863774050
1 2 3 4 5
5 822107907
1 2 3 4 5
5 971831053
1 2 3 4 5
5 486630167
1 2 3 4 5
5 699920196
1 2 3 4 5
5 852916796
1 2 3 4 5
5 229273753
1 2 3 4 5
5 446729916
1 2 3 4 5
5 807995762
1 2 3 4 5
5 517337203
1 2 3 4 5
5 455153099
1 2 3 4 5
5 821504484
1 2 3 4 5
5 132350901
20 16 9 18 8
5 851573318
24 24 6 24 16
5 827739133
21 22 16 10 21
5 473276193
22 18 4 21 21
5 288777913
24 25 18 21 15
5 386114195
9 10 6 11 13
5 929801013
3 23 21 11 22
5 679900147
11 7 7 8 15
5 171030196
12 3 21 19 9
5 923728476
20 4 3 17 11
5 591366011
10 7 10 25 19
5 728465750
23 20 17 22 3
5 512074953
7 4 13 3 23
5 967944072
6 13 25 21 19
5 187308702
24 19 10 16 13
5 184832180
22 16 11 22 18
5 148163102
8 17 16 4 7
5 567023249
13 2 13 22 3
5 877308351
23 2 17 10 10
5 389570550
11 5 23 4 7
5 910599910
6 2 2 10 9
5 887037270
17 6 16 1 11
5 208671812
6 13 20 24 1
5 606428136
10 25 5 16 19
5 755499727
6 13 14 8 4
5 575255371
13 8 19 5 19
5 891744521
6 18 21 5 25
5 551926613
1 24 14 11 12
5 681978793
7 3 25 20 10
5 113863048
6 11 2 6 1
5 56371016
4 16 9 14 7
5 74555181
25 4 22 23 25
5 680389241
6 23 15 22 5
5 441207666
21 17 5 23 20
5 503049767
10 3 14 25 12
5 882632868
15 23 3 6 6
5 223110245
4 22 12 4 21
5 940233127
17 14 9 5 5
5 623811282
22 14 3 20 5
5 413543546
10 21 21 16 3
5 482462335
6 4 5 4 4
5 976563094
22 15 8 15 7
