100
2 4
10 5
3 12
7 7 7
3 12
4 2 1
5 1000000000
25 25 25 25 25
2 2
1 1
5 5
1 1 1 1 1
5 448257424
1 2 3 4 5
5 915742169
18 7 21 11 25
5 54713406
18 18 18 18 18
5 961907655
23 23 23 23 23
5 953232102
24 24 24 24 24
5 504475282
21 21 21 21 21
5 100828106
13 13 13 13 13
5 288171894
20 20 20 20 20
5 683995924
3 3 3 3 3
5 437462691
1 1 1 1 1
5 424332295
8 8 8 8 8
5 965397034
25 25 25 25 25
5 130132456
6 6 6 6 6
5 83073981
3 3 3 3 3
5 438262833
19 19 19 19 19
5 552368988
13 13 13 13 13
5 755520632
15 15 15 15 15
5 957985949
25 25 25 25 25
5 593790317
24 24 24 24 24
5 114914314
16 16 16 16 16
5 553654316
20 20 20 20 20
5 425444395
24 24 24 24 24
5 139479663
15 15 15 15 15
5 154151557
25 25 25 25 25
5 521960208
25 25 25 25 25
5 229004935
9 9 9 9 9
5 614775447
20 20 20 20 20
5 581102099
1 2 3 4 5
5 906727782
1 2 3 4 5
5 484080738
1 2 3 4 5
5 199731027
1 2 3 4 5
5 529416391
1 2 3 4 5
5 793033424
1 2 3 4 5
5 484751327
1 2 3 4 5
5 265939532
1 2 3 4 5
5 443317969
1 2 3 4 5
5 505075006
1 2 3 4 5
5 880330643
1 2 3 4 5
5 294791499
1 2 3 4 5
5 742762766
1 2 3 4 5
5 36161726
1 2 3 4 5
5 345157814
1 2 3 4 5
5 277638003
1 2 3 4 5
5 928241561
1 2 3 4 5
5 373993195
1 2 3 4 5
5 90426388
1 2 3 4 5
5 271148971
1 2 3 4 5
5 823742641
1 2 3 4 5
5 564249768
1 2 3 4 5
5 672750400
1 2 3 4 5
5 810379543
1 2 3 4 5
5 371502229
1 2 3 4 5
5 714815772
1 24 14 16 23
5 805458157
8 1 1 20 9
5 295732439
5 16 6 1 9
5 652906801
14 18 5 2 15
5 649647235
4 25 1 22 10
5 192681050
2 20 19 9 8
5 475004959
2 10 2 14 18
5 765818718
24 10 11 24 16
5 676415688
6 1 17 2 8
5 624966387
10 4 12 12 2
5 732535304
3 17 23 22 23
5 24526158
24 11 20 24 20
5 293289689
11 12 22 5 17
5 847523612
9 16 1 25 22
5 769307760
19 19 19 18 24
5 854639955
12 8 17 20 12
5 471026930
20 8 11 7 7
5 827772424
12 11 12 20 21
5 929734354
4 22 21 9 13
5 932473513
15 16 1 10 18
5 837241232
13 24 10 14 11
5 635527390
22 21 10 20 4
5 678107454
24 15 24 1 23
5 377354228
8 24 3 5 24
5 711263812
16 21 18 13 18
5 207896377
19 24 13 16 14
5 911426787
11 10 7 4 11
5 558619072
3 15 3 21 23
5 934471741
22 22 25 1 3
5 202037811
16 8 22 23 3
5 134388347
13 17 7 2 21
5 616148384
3 24 19 6 18
5 149328445
25 24 6 13 23
5 364087782
9 25 14 13 10
5 836356838
25 13 21 24 2
5 708927305
6 9 16 1 20
5 196533732
6 16 15 22 5
5 501957295
15 5 3 5 16
5 548086153
20 1 19 25 12
5 772302517
19 25 11 24 10
5 770233879
21 10 7 23 18
5 775147889
2 10 12 19 4
