100
2 4
10 5
3 12
7 7 7
3 12
4 2 1
5 1000000000
25 25 25 25 25
2 2
1 1
5 5
1 1 1 1 1
5 448257424
1 2 3 4 5
5 915742169
18 7 21 11 25
5 497421744
1 1 1 1 1
5 628581055
10 10 10 10 10
5 451469621
17 17 17 17 17
5 584720566
1 1 1 1 1
5 742892881
19 19 19 19 19
5 591780351
10 10 10 10 10
5 227388795
11 11 11 11 11
5 106998924
4 4 4 4 4
5 566209369
10 10 10 10 10
5 906500235
8 8 8 8 8
5 58694857
19 19 19 19 19
5 237223967
2 2 2 2 2
5 37858408
17 17 17 17 17
5 47490948
8 8 8 8 8
5 536492809
22 22 22 22 22
5 183189870
20 20 20 20 20
5 288123491
12 12 12 12 12
5 188587749
25 25 25 25 25
5 709241387
4 4 4 4 4
5 504714548
2 2 2 2 2
5 364335519
22 22 22 22 22
5 215805326
5 5 5 5 5
5 978501832
20 20 20 20 20
5 385426368
7 7 7 7 7
5 249258656
8 8 8 8 8
5 844494171
1 2 3 4 5
5 837882881
1 2 3 4 5
5 200316708
1 2 3 4 5
5 434112581
1 2 3 4 5
5 701809782
1 2 3 4 5
5 861548608
1 2 3 4 5
5 765461653
1 2 3 4 5
5 707717998
1 2 3 4 5
5 29681108
1 2 3 4 5
5 87824630
1 2 3 4 5
5 340970475
1 2 3 4 5
5 518388925
1 2 3 4 5
5 240852943
1 2 3 4 5
5 671936268
1 2 3 4 5
5 450684136
1 2 3 4 5
5 810873601
1 2 3 4 5
5 774274644
1 2 3 4 5
5 800163860
1 2 3 4 5
5 523296220
1 2 3 4 5
5 959798294
1 2 3 4 5
5 129201453
1 2 3 4 5
5 5406937
1 2 3 4 5
5 866287226
1 2 3 4 5
5 453258601
1 2 3 4 5
5 867349172
1 2 3 4 5
5 38905892
10 16 18 9 18
5 547709203
11 15 13 8 20
5 89807039
15 5 19 12 20
5 993132592
22 4 9 3 11
5 555409038
19 18 17 12 10
5 273069554
11 24 7 25 18
5 347510104
21 4 22 12 7
5 231606965
21 14 24 8 4
5 695225012
16 3 2 22 10
5 676441383
16 15 23 15 23
5 96679486
23 1 10 4 12
5 163457558
22 6 8 7 25
5 345471069
4 4 16 1 7
5 58118910
18 14 1 24 5
5 235689798
18 15 3 23 1
5 444186272
16 1 1 13 18
5 200472079
14 6 24 8 4
5 430597479
6 10 3 5 17
5 969551457
25 20 22 16 3
5 974331034
13 11 14 11 9
5 653569680
1 21 19 22 24
5 292574568
11 22 21 25 15
5 270977708
8 20 10 10 16
5 509833937
8 11 4 15 9
5 532480565
16 15 23 8 7
5 670431025
7 23 21 9 4
5 408864321
11 18 12 7 14
5 645182450
25 19 11 20 1
5 153906609
6 21 23 12 5
5 519898448
8 8 3 25 3
5 828893193
21 14 17 1 12
5 72026825
15 23 7 24 3
5 832508897
10 13 2 2 2
5 987837797
12 17 17 2 10
5 556478761
19 13 3 4 14
5 565806609
23 3 23 14 18
5 76249845
1 5 7 22 3
5 627016487
14 19 5 11 7
5 514416279
22 9 17 8 10
5 326692201
24 10 14 25 9
5 422504696
14 18 8 12 23
5 234193783
17 20 24 19 3
