100
2 4
10 5
3 12
7 7 7
3 12
4 2 1
5 1000000000
25 25 25 25 25
2 2
1 1
5 5
1 1 1 1 1
5 448257424
1 2 3 4 5
5 915742169
18 7 21 11 25
5 255869027
10 10 10 10 10
5 282651511
19 19 19 19 19
5 836455844
24 24 24 24 24
5 95986364
13 13 13 13 13
5 867738265
9 9 9 9 9
5 481344286
20 20 20 20 20
5 789813224
9 9 9 9 9
5 840456272
19 19 19 19 19
5 618821138
22 22 22 22 22
5 946969048
17 17 17 17 17
5 175647774
23 23 23 23 23
5 414438248
11 11 11 11 11
5 831788073
24 24 24 24 24
5 962947355
6 6 6 6 6
5 975196111
10 10 10 10 10
5 411231089
10 10 10 10 10
5 396579776
23 23 23 23 23
5 415976891
7 7 7 7 7
5 143737622
7 7 7 7 7
5 929322500
11 11 11 11 11
5 448725715
11 11 11 11 11
5 402055008
13 13 13 13 13
5 412225392
2 2 2 2 2
5 644408474
2 2 2 2 2
5 968968125
2 2 2 2 2
5 344788591
1 2 3 4 5
5 709970015
1 2 3 4 5
5 406324837
1 2 3 4 5
5 576802866
1 2 3 4 5
5 617131737
1 2 3 4 5
5 330952311
1 2 3 4 5
5 55774028
1 2 3 4 5
5 913487645
1 2 3 4 5
5 115309791
1 2 3 4 5
5 858320376
1 2 3 4 5
5 647495377
1 2 3 4 5
5 364885308
1 2 3 4 5
5 899865854
1 2 3 4 5
5 520825937
1 2 3 4 5
5 358447294
1 2 3 4 5
5 636599939
1 2 3 4 5
5 344016437
1 2 3 4 5
5 284817740
1 2 3 4 5
5 708423342
1 2 3 4 5
5 167238932
1 2 3 4 5
5 98714195
1 2 3 4 5
5 81459378
1 2 3 4 5
5 157916670
1 2 3 4 5
5 471565148
1 2 3 4 5
5 210032564
1 2 3 4 5
5 27743178
15 5 5 21 1
5 183863936
24 11 22 22 3
5 29550160
22 8 9 6 24
5 978352801
9 10 6 24 23
5 359043014
9 14 3 24 25
5 282984933
10 15 18 6 7
5 598961800
12 13 24 22 18
5 699606405
21 20 6 9 5
5 657272537
3 3 3 25 2
5 270347211
19 20 17 25 2
5 583867960
23 9 2 4 24
5 542204797
11 14 13 23 16
5 980932347
18 12 18 11 15
5 171031704
21 20 5 3 12
5 464190978
3 20 5 13 20
5 615349493
22 21 11 7 22
5 347747136
24 3 4 16 25
5 602960311
6 21 21 9 2
5 733110785
7 1 3 23 4
5 590525970
10 15 22 4 21
5 739643949
6 13 18 18 22
5 577413039
25 16 22 12 21
5 977460790
1 21 22 3 10
5 604278369
14 20 23 21 14
5 547159166
23 19 15 20 7
5 946923750
12 19 17 21 10
5 950440479
25 24 14 6 15
5 636052821
10 5 21 16 16
5 501656923
20 4 13 11 1
5 573253212
16 2 7 8 25
5 400123497
11 14 4 23 1
5 516826240
19 4 18 17 5
5 827011182
9 10 9 21 5
5 424708945
2 23 17 6 8
5 362898428
23 17 15 4 24
5 789353135
3 18 7 17 25
5 434914656
23 19 22 17 22
5 179476595
3 21 6 18 18
5 594210009
22 18 15 2 4
5 576102935
15 24 15 7 13
5 667452975
12 20 25 23 5
5 110445227
12 15 7 8 5
