100
1
19
23
2201
1111
2000
111
1000000
31
19
100000
10101
10111
1001
990001
12000
999999
900000
999998
2001
9999
11
30
1999
9
8
12
11101
998999
11100
10000
899999
110
1998
999901
999989
11111
900001
100
32
201
10010
10100
32
102
901
987654
12001
101000
2200
1099
999991
123456
109876
777
1101
678901
11110
999900
90
20
11001
999001
100001
1110
10
989999
29
999
2048
567890
900
999990
10011
10999
101
91
131072
10001
1100
101001
7
99
1000
999899
22
11011
999000
199
99001
11010
200
2101
990000
21
99000
11000
10110
2100
2002
