100
2 211
2 127
6 0000051
6 1111111
6 0000049
3 1121
6 0000001
6 2897975
1 09
2 254
0 5
5 600001
3 3001
6 0202211
6 5703001
3 0001
6 1800701
6 2101222
6 2210201
6 8569243
6 0000004
6 0000001
6 0050011
6 1120111
5 060001
4 11111
6 4000901
3 9001
0 1
1 71
5 500001
6 0000051
6 7957986
3 8504
4 11222
0 1
6 1304505
6 9999999
6 5000081
6 7903407
5 110011
6 9815457
4 12061
4 46405
6 4000054
6 6040001
4 42453
6 9758945
6 0500006
1 76
6 1167243
6 0000001
0 1
4 21022
3 0541
1 71
3 1111
6 9501001
6 2030091
6 0860001
6 2001221
2 101
0 2
5 009203
6 4000301
5 010002
6 6000001
6 4171248
6 2101201
6 9000091
6 0000001
6 5532295
2 111
6 0000001
0 2
6 2594144
1 11
4 00401
6 0210111
6 0020121
6 9000001
6 0004001
4 06072
1 01
5 300801
6 4000001
6 0000001
6 0005001
6 0060002
6 0021101
6 1090941
6 2021121
0 1
6 7000761
6 1221021
1 11
6 3045221
1 01
6 0000051
5 206001
