100
4
10 5 15 5
2
100 100
8
81 81 81 81 81 81 81 0
6
23 90 40 0 100 9
2
0 0
10
100 0 100 0 100 0 100 0 100 0
10
100 100 100 100 100 100 100 100 100 0
5
3 59 96 83 81
6
49 1 87 7 64 80
7
11 99 3 6 25 90 38
8
42 82 10 38 56 46 39 5
9
34 11 78 18 1 88 36 76 44
10
95 69 69 61 34 62 50 95 18 91
10
64 37 47 69 50 14 84 56 73 24
10
95 5 16 0 89 17 13 19 12 58
10
78 23 82 22 72 18 45 7 70 66
10
68 80 47 91 3 48 46 44 22 42
10
39 23 42 17 68 24 88 54 22 61
10
85 87 14 52 18 52 87 78 42 51
10
79 86 40 86 71 59 51 97 13 38
10
71 28 2 52 18 89 29 74 67 50
10
54 49 71 3 61 77 88 67 38 29
10
98 82 3 33 99 32 78 3 55 8
10
21 59 78 93 21 10 55 70 3 86
10
85 73 89 68 38 59 66 35 36 99
10
63 57 83 67 58 33 75 97 96 31
10
18 8 98 97 32 20 24 14 19 7
10
42 84 87 67 96 60 97 92 31 78
10
89 41 7 11 40 15 85 23 4 48
10
69 6 42 55 28 0 88 42 74 20
10
81 86 62 72 88 7 1 96 25 11
10
60 30 6 72 57 17 23 34 8 94
10
28 82 52 2 12 71 6 69 2 8
10
10 83 65 52 43 16 29 93 94 25
10
71 91 5 80 75 87 13 15 59 46
10
38 88 71 68 38 94 98 40 38 92
10
93 64 39 47 55 54 60 45 56 87
10
55 5 65 41 40 88 26 17 53 15
10
57 8 68 61 64 71 67 1 7 4
10
97 27 17 73 45 78 75 2 22 4
10
21 74 27 28 48 0 45 5 8 7
10
12 81 27 81 34 12 93 9 8 10
10
76 23 61 39 41 63 26 3 96 90
10
90 75 18 51 52 8 20 76 25 72
10
7 99 1 16 98 63 98 71 90 48
10
3 94 66 20 64 2 48 70 97 57
10
33 3 87 56 1 81 45 30 78 22
10
44 66 71 81 42 98 21 45 80 68
10
13 24 94 87 84 39 30 51 7 30
10
40 67 57 82 84 16 39 82 54 9
10
67 47 98 3 43 9 84 49 82 12
10
9 19 10 62 28 18 94 86 36 41
10
83 50 54 49 87 81 90 64 39 32
10
37 2 78 12 92 61 91 93 36 9
10
75 61 94 73 0 51 34 99 59 75
10
61 95 86 8 51 40 19 6 81 17
10
53 95 39 11 41 5 16 0 4 88
10
57 58 42 0 75 46 51 83 19 77
10
88 17 63 85 69 19 44 99 97 33
10
26 15 63 52 25 62 14 89 42 30
10
41 16 16 7 5 95 99 39 29 0
10
27 71 14 98 94 17 7 86 47 14
10
46 45 94 92 90 34 51 41 98 87
10
85 40 42 58 67 39 67 78 35 93
10
13 65 26 82 12 17 89 71 8 71
10
28 0 66 27 22 83 26 63 96 82
10
40 33 49 59 92 93 60 47 33 5
10
87 69 49 15 35 34 62 84 23 36
10
48 56 43 81 13 76 99 17 62 82
10
22 6 14 88 20 96 20 43 64 65
10
63 12 22 54 74 21 10 77 51 58
10
70 60 34 46 8 48 55 55 98 61
10
1 60 1 44 82 43 17 60 23 69
10
83 83 72 83 50 57 48 65 71 93
10
52 28 88 80 22 97 6 90 3 90
10
97 22 37 27 96 7 46 62 14 12
10
26 79 1 38 27 79 0 4 96 39
10
73 10 57 66 92 72 98 34 32 27
10
66 51 36 49 26 85 23 66 57 9
10
38 6 45 23 81 96 53 18 19 30
10
3 63 44 89 0 91 50 16 41 94
10
45 54 99 4 87 62 75 6 0 57
10
3 73 52 49 15 24 38 2 23 23
10
91 33 49 84 98 46 20 62 16 95
10
93 25 98 64 81 98 87 60 20 93
10
3 58 36 6 52 99 84 33 28 28
10
18 7 19 53 12 60 35 95 71 65
10
39 74 2 18 82 87 14 0 31 87
10
6 25 61 25 16 45 77 84 58 67
10
97 39 82 83 21 51 41 11 41 45
10
48 26 40 74 83 69 78 49 25 30
10
50 23 52 66 13 52 94 25 0 48
10
43 65 89 52 34 74 21 2 17 78
10
17 8 6 46 3 51 68 55 76 25
10
51 29 73 16 62 96 92 59 78 68
10
64 50 76 14 71 3 79 3 65 23
10
86 0 76 73 47 52 33 65 60 12
10
42 72 20 24 58 79 41 82 78 75
10
19 43 99 97 78 87 14 65 9 76
10
68 14 85 68 14 8 48 80 23 34
